                    Logit Data                    
==================================================
Attribute       Type         Levels
-----------------------------------
Attribute 1    Linear          1
Attribute 2    Linear          1
Attribute 3    Linear          1
Attribute 4    Linear          1
Attribute 5    Linear          1
Attribute 6    Linear          1
Attribute 7    Linear          1

7 parameters to be estimated.

200 total units.
Average of 3 alternatives in each of 15 
sets per unit.
3000 tasks in total.

Table of choice data pooled across units:
Choice  Count   Pct.
--------------------
   1    981    32.7%
   2    1004   33.47%
   3    1015   33.83%

      MCMC Inference for Hierarchical Logit       
==================================================
Total Iterations:          20000
Draws used in estimation:  10000
Units:                     200
Parameters per unit:       7
Constraints not in effect.
Draws are to be saved.
Prior degrees of freedom:  5
Prior variance:            2

MCMC Iteration Beginning...
Iteration  Acceptance   RLH     
Pct. Cert.   Avg. Var.   RMS     
Time to End
      100  0.381        0.397   0.148        0.32        0.51    1:14  
      200  0.301        0.461   0.286        0.64        1.10    0:58  
      300  0.300        0.489   0.345        0.88        1.50    0:58  
      400  0.302        0.502   0.370        1.10        1.74    0:54  
      500  0.310        0.506   0.379        1.17        1.82    0:52  
      600  0.303        0.508   0.383        1.17        1.82    0:51  
      700  0.309        0.505   0.379        1.14        1.81    0:50  
      800  0.298        0.507   0.381        1.20        1.82    0:49  
      900  0.303        0.510   0.387        1.19        1.86    0:48  
     1000  0.300        0.507   0.382        1.14        1.85    0:48  
     1100  0.307        0.505   0.378        1.11        1.82    0:47  
     1200  0.308        0.505   0.379        1.13        1.80    0:47  
     1300  0.304        0.509   0.385        1.19        1.82    0:47  
     1400  0.309        0.508   0.384        1.17        1.80    0:47  
     1500  0.311        0.510   0.387        1.17        1.82    0:47  
     1600  0.307        0.511   0.389        1.17        1.85    0:46  
     1700  0.300        0.512   0.390        1.21        1.86    0:46  
     1800  0.301        0.509   0.385        1.17        1.84    0:46  
     1900  0.300        0.509   0.384        1.20        1.84    0:46  
     2000  0.305        0.509   0.386        1.22        1.87    0:46  
     2100  0.304        0.508   0.383        1.16        1.83    0:46  
     2200  0.300        0.506   0.380        1.16        1.83    0:46  
     2300  0.303        0.510   0.387        1.27        1.88    0:46  
     2400  0.307        0.511   0.389        1.28        1.92    0:46  
     2500  0.301        0.513   0.392        1.33        1.94    0:46  
     2600  0.298        0.511   0.388        1.27        1.92    0:45  
     2700  0.308        0.510   0.387        1.20        1.90    0:45  
     2800  0.304        0.510   0.387        1.22        1.89    0:45  
     2900  0.304        0.509   0.386        1.22        1.88    0:45  
     3000  0.314        0.511   0.388        1.19        1.86    0:45  
     3100  0.299        0.511   0.389        1.23        1.87    0:45  
     3200  0.299        0.509   0.385        1.19        1.85    0:45  
     3300  0.306        0.510   0.387        1.26        1.90    0:45  
     3400  0.304        0.509   0.386        1.20        1.86    0:45  
     3500  0.298        0.511   0.388        1.19        1.84    0:45  
     3600  0.307        0.512   0.391        1.30        1.89    0:45  
     3700  0.308        0.513   0.392        1.29        1.89    0:45  
     3800  0.300        0.513   0.393        1.24        1.87    0:45  
     3900  0.298        0.512   0.391        1.25        1.88    0:45  
     4000  0.302        0.513   0.392        1.33        1.95    0:45  
     4100  0.307        0.512   0.390        1.35        1.96    0:45  
     4200  0.298        0.512   0.391        1.33        1.95    0:45  
     4300  0.310        0.511   0.389        1.27        1.92    0:45  
     4400  0.303        0.509   0.386        1.21        1.90    0:45  
     4500  0.305        0.512   0.390        1.25        1.92    0:45  
     4600  0.305        0.510   0.388        1.22        1.90    0:45  
     4700  0.303        0.508   0.384        1.18        1.84    0:45  
     4800  0.306        0.510   0.387        1.20        1.85    0:44  
     4900  0.307        0.511   0.389        1.26        1.87    0:44  
     5000  0.302        0.510   0.387        1.27        1.85    0:44  
     5100  0.299        0.509   0.385        1.22        1.84    0:44  
     5200  0.301        0.508   0.383        1.21        1.84    0:44  
     5300  0.305        0.509   0.385        1.20        1.83    0:44  
     5400  0.303        0.510   0.387        1.18        1.85    0:44  
     5500  0.305        0.513   0.392        1.27        1.89    0:44  
     5600  0.299        0.509   0.386        1.24        1.89    0:44  
     5700  0.306        0.509   0.385        1.22        1.88    0:44  
     5800  0.303        0.513   0.392        1.26        1.92    0:44  
     5900  0.305        0.511   0.389        1.28        1.94    0:44  
     6000  0.306        0.510   0.387        1.24        1.90    0:43  
     6100  0.308        0.510   0.388        1.24        1.90    0:44  
     6200  0.305        0.510   0.386        1.23        1.85    0:44  
     6300  0.302        0.509   0.386        1.23        1.85    0:45  
     6400  0.313        0.506   0.381        1.21        1.86    0:45  
     6500  0.305        0.508   0.383        1.16        1.85    0:46  
     6600  0.311        0.509   0.385        1.18        1.84    0:46  
     6700  0.309        0.511   0.388        1.18        1.85    0:46  
     6800  0.302        0.508   0.383        1.14        1.83    0:47  
     6900  0.308        0.508   0.384        1.19        1.89    0:47  
     7000  0.309        0.510   0.387        1.16        1.86    0:47  
     7100  0.304        0.508   0.383        1.17        1.83    0:48  
     7200  0.308        0.509   0.386        1.29        1.91    0:48  
     7300  0.305        0.512   0.390        1.29        1.89    0:48  
     7400  0.304        0.510   0.387        1.25        1.89    0:48  
     7500  0.301        0.510   0.387        1.26        1.92    0:49  
     7600  0.307        0.510   0.387        1.22        1.88    0:49  
     7700  0.304        0.510   0.387        1.19        1.87    0:49  
     7800  0.303        0.512   0.391        1.25        1.91    0:49  
     7900  0.307        0.511   0.388        1.21        1.87    0:49  
     8000  0.301        0.509   0.385        1.12        1.77    0:49  
     8100  0.307        0.509   0.386        1.21        1.83    0:49  
     8200  0.308        0.510   0.387        1.25        1.88    0:49  
     8300  0.301        0.511   0.388        1.25        1.85    0:49  
     8400  0.301        0.511   0.389        1.33        1.90    0:50  
     8500  0.298        0.511   0.388        1.31        1.92    0:50  
     8600  0.308        0.510   0.388        1.31        1.92    0:50  
     8700  0.307        0.510   0.387        1.21        1.84    0:50  
     8800  0.303        0.512   0.391        1.27        1.87    0:50  
     8900  0.309        0.509   0.386        1.24        1.87    0:50  
     9000  0.301        0.507   0.382        1.20        1.85    0:49  
     9100  0.307        0.507   0.381        1.14        1.82    0:49  
     9200  0.303        0.510   0.387        1.21        1.86    0:49  
     9300  0.305        0.509   0.386        1.22        1.87    0:49  
     9400  0.303        0.512   0.390        1.23        1.88    0:49  
     9500  0.303        0.512   0.390        1.28        1.89    0:49  
     9600  0.305        0.512   0.391        1.27        1.87    0:49  
     9700  0.306        0.509   0.386        1.21        1.86    0:49  
     9800  0.305        0.510   0.387        1.21        1.87    0:49  
     9900  0.306        0.510   0.388        1.23        1.89    0:49  
    10000  0.304        0.511   0.389        1.26        1.90    0:49  
    10100  0.306        0.508   0.384        1.18        1.89    0:48  
    10200  0.305        0.510   0.387        1.24        1.88    0:48  
    10300  0.305        0.510   0.387        1.23        1.84    0:48  
    10400  0.311        0.507   0.382        1.18        1.85    0:48  
    10500  0.305        0.506   0.379        1.12        1.82    0:48  
    10600  0.304        0.510   0.387        1.22        1.84    0:47  
    10700  0.302        0.508   0.383        1.22        1.83    0:47  
    10800  0.305        0.508   0.384        1.21        1.82    0:47  
    10900  0.298        0.509   0.385        1.18        1.85    0:47  
    11000  0.299        0.507   0.382        1.17        1.87    0:47  
    11100  0.303        0.509   0.385        1.23        1.87    0:46  
    11200  0.305        0.509   0.386        1.24        1.85    0:46  
    11300  0.306        0.510   0.387        1.23        1.86    0:46  
    11400  0.304        0.510   0.386        1.22        1.87    0:46  
    11500  0.307        0.509   0.385        1.22        1.88    0:45  
    11600  0.305        0.510   0.387        1.22        1.89    0:45  
    11700  0.306        0.510   0.388        1.25        1.91    0:45  
    11800  0.301        0.510   0.388        1.24        1.91    0:44  
    11900  0.295        0.511   0.389        1.26        1.89    0:44  
    12000  0.303        0.513   0.392        1.25        1.87    0:44  
    12100  0.300        0.509   0.386        1.19        1.84    0:44  
    12200  0.297        0.510   0.387        1.20        1.85    0:43  
    12300  0.297        0.512   0.392        1.29        1.91    0:43  
    12400  0.299        0.512   0.390        1.29        1.90    0:43  
    12500  0.305        0.510   0.388        1.27        1.90    0:42  
    12600  0.300        0.512   0.390        1.26        1.88    0:42  
    12700  0.310        0.512   0.391        1.26        1.85    0:41  
    12800  0.311        0.510   0.387        1.23        1.84    0:41  
    12900  0.304        0.510   0.386        1.21        1.84    0:41  
    13000  0.300        0.509   0.385        1.15        1.81    0:40  
    13100  0.302        0.508   0.383        1.11        1.79    0:40  
    13200  0.298        0.505   0.378        1.09        1.76    0:40  
    13300  0.306        0.509   0.385        1.17        1.81    0:39  
    13400  0.303        0.510   0.387        1.21        1.85    0:39  
    13500  0.300        0.511   0.388        1.19        1.83    0:38  
    13600  0.302        0.510   0.386        1.19        1.84    0:38  
    13700  0.305        0.508   0.384        1.12        1.79    0:38  
    13800  0.311        0.507   0.381        1.11        1.80    0:37  
    13900  0.300        0.509   0.385        1.21        1.87    0:37  
    14000  0.303        0.510   0.388        1.27        1.93    0:36  
    14100  0.303        0.510   0.386        1.23        1.91    0:36  
    14200  0.311        0.510   0.387        1.21        1.86    0:35  
    14300  0.307        0.508   0.383        1.19        1.85    0:35  
    14400  0.309        0.507   0.382        1.18        1.84    0:34  
    14500  0.314        0.510   0.386        1.22        1.87    0:34  
    14600  0.300        0.511   0.388        1.29        1.93    0:33  
    14700  0.307        0.513   0.392        1.34        1.95    0:33  
    14800  0.299        0.513   0.392        1.28        1.91    0:32  
    14900  0.302        0.511   0.389        1.23        1.87    0:32  
    15000  0.304        0.507   0.381        1.11        1.82    0:31  
    15100  0.308        0.508   0.383        1.12        1.78    0:31  
    15200  0.303        0.507   0.382        1.20        1.85    0:30  
    15300  0.303        0.510   0.386        1.22        1.85    0:30  
    15400  0.305        0.509   0.386        1.14        1.80    0:29  
    15500  0.303        0.510   0.387        1.18        1.81    0:29  
    15600  0.303        0.511   0.388        1.18        1.80    0:28  
    15700  0.301        0.511   0.389        1.19        1.80    0:28  
    15800  0.308        0.510   0.387        1.17        1.80    0:27  
    15900  0.302        0.510   0.387        1.17        1.84    0:27  
    16000  0.309        0.511   0.390        1.29        1.91    0:26  
    16100  0.308        0.512   0.390        1.33        1.95    0:26  
    16200  0.309        0.513   0.393        1.34        1.94    0:25  
    16300  0.306        0.514   0.394        1.36        1.95    0:24  
    16400  0.302        0.513   0.392        1.37        1.92    0:24  
    16500  0.299        0.511   0.388        1.29        1.91    0:23  
    16600  0.307        0.510   0.387        1.25        1.88    0:23  
    16700  0.298        0.510   0.387        1.27        1.92    0:22  
    16800  0.302        0.510   0.386        1.24        1.89    0:22  
    16900  0.303        0.509   0.385        1.13        1.82    0:21  
    17000  0.299        0.508   0.383        1.17        1.80    0:20  
    17100  0.298        0.509   0.386        1.15        1.82    0:20  
    17200  0.302        0.509   0.386        1.17        1.82    0:19  
    17300  0.301        0.510   0.387        1.21        1.83    0:18  
    17400  0.303        0.509   0.385        1.19        1.83    0:18  
    17500  0.306        0.509   0.385        1.19        1.85    0:17  
    17600  0.302        0.510   0.387        1.15        1.88    0:17  
    17700  0.301        0.509   0.385        1.19        1.89    0:16  
    17800  0.305        0.509   0.386        1.10        1.82    0:15  
    17900  0.303        0.507   0.382        1.10        1.80    0:15  
    18000  0.306        0.506   0.381        1.11        1.79    0:14  
    18100  0.304        0.507   0.381        1.13        1.81    0:13  
    18200  0.304        0.509   0.384        1.20        1.85    0:13  
    18300  0.303        0.511   0.389        1.21        1.87    0:12  
    18400  0.311        0.509   0.385        1.16        1.86    0:11  
    18500  0.304        0.509   0.385        1.11        1.81    0:11  
    18600  0.307        0.508   0.384        1.12        1.80    0:10  
    18700  0.305        0.509   0.385        1.20        1.83    0:09  
    18800  0.307        0.509   0.385        1.18        1.85    0:09  
    18900  0.302        0.510   0.388        1.22        1.91    0:08  
    19000  0.308        0.512   0.390        1.23        1.91    0:07  
    19100  0.309        0.511   0.389        1.27        1.91    0:07  
    19200  0.306        0.510   0.388        1.25        1.90    0:06  
    19300  0.308        0.508   0.383        1.23        1.86    0:05  
    19400  0.302        0.506   0.381        1.19        1.85    0:04  
    19500  0.309        0.509   0.386        1.23        1.86    0:04  
    19600  0.299        0.510   0.387        1.25        1.88    0:03  
    19700  0.311        0.512   0.391        1.32        1.93    0:02  
    19800  0.303        0.512   0.391        1.26        1.88    0:01  
    19900  0.299        0.510   0.388        1.22        1.86    0:01  
    20000  0.301        0.510   0.387        1.25        1.86    0:00  

Total Time Elapsed: 2:29

Writing estimated unit-level betas to Rbetas.csv in the working directory

Writing RLH, the geometric mean of the likelihood of the choices made,

      across the choice sets of each unit to RLH.csv in the working directory

